1024 1 1.46548e-09
1024 2 1.46905e-09
1024 4 1.46643e-09
1024 8 1.46805e-09
1024 16 1.46598e-09
1024 32 1.46608e-09
1024 64 1.46902e-09
1024 128 1.46674e-09
1024 256 1.46671e-09
1024 512 1.46598e-09


2048 1 1.46698e-09
2048 2 1.46484e-09
2048 4 1.46708e-09
2048 8 1.46678e-09
2048 16 1.46799e-09
2048 32 1.46772e-09
2048 64 1.46676e-09
2048 128 1.46439e-09
2048 256 1.46793e-09
2048 512 1.46813e-09
2048 1024 1.46733e-09


4096 1 1.46645e-09
4096 2 1.46694e-09
4096 4 1.46951e-09
4096 8 1.46764e-09
4096 16 1.46575e-09
4096 32 1.46642e-09
4096 64 1.4655e-09
4096 128 1.46825e-09
4096 256 1.46924e-09
4096 512 1.46688e-09
4096 1024 1.46672e-09
4096 2048 1.46827e-09


8192 1 1.47198e-09
8192 2 1.47465e-09
8192 4 1.47955e-09
8192 8 1.4653e-09
8192 16 1.46967e-09
8192 32 1.46842e-09
8192 64 1.46599e-09
8192 128 1.46745e-09
8192 256 1.46661e-09
8192 512 1.4668e-09
8192 1024 1.46665e-09
8192 2048 1.46658e-09
8192 4096 1.46672e-09


16384 1 1.47235e-09
16384 2 1.48018e-09
16384 4 1.72555e-09
16384 8 1.97075e-09
16384 16 2.50584e-09
16384 32 2.77707e-09
16384 64 3.61851e-09
16384 128 5.52802e-09
16384 256 5.52963e-09
16384 512 5.53118e-09
16384 1024 5.52516e-09
16384 2048 1.46697e-09
16384 4096 1.46714e-09
16384 8192 1.46747e-09


32768 1 1.47406e-09
32768 2 1.4801e-09
32768 4 1.7302e-09
32768 8 1.97128e-09
32768 16 2.51921e-09
32768 32 2.79979e-09
32768 64 3.66916e-09
32768 128 5.61707e-09
32768 256 5.69971e-09
32768 512 5.86206e-09
32768 1024 6.16974e-09
32768 2048 6.16843e-09
32768 4096 2.13622e-09
32768 8192 1.46798e-09
32768 16384 1.46722e-09


65536 1 1.47227e-09
65536 2 1.47865e-09
65536 4 1.7249e-09
65536 8 1.97431e-09
65536 16 2.51752e-09
65536 32 2.79954e-09
65536 64 3.66113e-09
65536 128 5.62605e-09
65536 256 5.70637e-09
65536 512 5.86601e-09
65536 1024 6.18893e-09
65536 2048 6.17465e-09
65536 4096 6.18917e-09
65536 8192 2.13566e-09
65536 16384 1.46823e-09
65536 32768 1.46855e-09


131072 1 1.47107e-09
131072 2 1.47814e-09
131072 4 1.72953e-09
131072 8 1.9709e-09
131072 16 2.524e-09
131072 32 2.79118e-09
131072 64 3.67105e-09
131072 128 5.62823e-09
131072 256 5.70561e-09
131072 512 5.8644e-09
131072 1024 6.17996e-09
131072 2048 6.16693e-09
131072 4096 6.16026e-09
131072 8192 6.16133e-09
131072 16384 2.13829e-09
131072 32768 1.46448e-09
131072 65536 1.46743e-09


262144 1 1.47232e-09
262144 2 1.47952e-09
262144 4 1.72264e-09
262144 8 1.9746e-09
262144 16 2.51566e-09
262144 32 2.80158e-09
262144 64 3.66665e-09
262144 128 5.61535e-09
262144 256 5.70463e-09
262144 512 5.87085e-09
262144 1024 6.17862e-09
262144 2048 6.19689e-09
262144 4096 6.18196e-09
262144 8192 6.17927e-09
262144 16384 6.16848e-09
262144 32768 2.13599e-09
262144 65536 1.46692e-09
262144 131072 1.46601e-09


524288 1 1.47777e-09
524288 2 1.48759e-09
524288 4 1.73981e-09
524288 8 1.99832e-09
524288 16 2.61293e-09
524288 32 3.02014e-09
524288 64 4.2612e-09
524288 128 6.01497e-09
524288 256 6.4407e-09
524288 512 7.33998e-09
524288 1024 8.52585e-09
524288 2048 8.53112e-09
524288 4096 8.55556e-09
524288 8192 8.61999e-09
524288 16384 8.66461e-09
524288 32768 8.80218e-09
524288 65536 8.44604e-09
524288 131072 1.46674e-09
524288 262144 1.46689e-09


1048576 1 1.47451e-09
1048576 2 1.48385e-09
1048576 4 1.73192e-09
1048576 8 1.98661e-09
1048576 16 2.5622e-09
1048576 32 2.90365e-09
1048576 64 3.94702e-09
1048576 128 5.75852e-09
1048576 256 5.98788e-09
1048576 512 6.43909e-09
1048576 1024 7.02247e-09
1048576 2048 7.02974e-09
1048576 4096 7.04068e-09
1048576 8192 7.06106e-09
1048576 16384 7.0833e-09
1048576 32768 7.14111e-09
1048576 65536 7.28878e-09
1048576 131072 1.4635e-09
1048576 262144 1.46658e-09
1048576 524288 1.46707e-09


2097152 1 1.73985e-09
2097152 2 2.83168e-09
2097152 4 5.5538e-09
2097152 8 1.02177e-08
2097152 16 2.06622e-08
2097152 32 4.75658e-08
2097152 64 6.65605e-08
2097152 128 1.04381e-07
2097152 256 1.05297e-07
2097152 512 1.05984e-07
2097152 1024 1.05659e-07
2097152 2048 7.41484e-08
2097152 4096 4.93929e-08
2097152 8192 3.01129e-08
2097152 16384 2.9518e-08
2097152 32768 2.19707e-08
2097152 65536 6.37475e-09
2097152 131072 5.48422e-09
2097152 262144 1.46515e-09
2097152 524288 1.46647e-09
2097152 1048576 1.46509e-09


4194304 1 1.73096e-09
4194304 2 2.85643e-09
4194304 4 5.56278e-09
4194304 8 1.08596e-08
4194304 16 2.19201e-08
4194304 32 5.19497e-08
4194304 64 7.3051e-08
4194304 128 1.16835e-07
4194304 256 1.16734e-07
4194304 512 1.1728e-07
4194304 1024 1.17587e-07
4194304 2048 1.10166e-07
4194304 4096 1.0645e-07
4194304 8192 1.04797e-07
4194304 16384 1.04737e-07
4194304 32768 1.03971e-07
4194304 65536 1.03262e-07
4194304 131072 4.80077e-08
4194304 262144 5.49634e-09
4194304 524288 1.46537e-09
4194304 1048576 1.46355e-09
4194304 2097152 1.46341e-09


8388608 1 1.73491e-09
8388608 2 2.85009e-09
8388608 4 5.56472e-09
8388608 8 1.08499e-08
8388608 16 2.21023e-08
8388608 32 5.16675e-08
8388608 64 7.27401e-08
8388608 128 1.16732e-07
8388608 256 1.16836e-07
8388608 512 1.15091e-07
8388608 1024 1.17243e-07
8388608 2048 1.13502e-07
8388608 4096 1.1172e-07
8388608 8192 1.10787e-07
8388608 16384 1.1072e-07
8388608 32768 1.10419e-07
8388608 65536 1.10087e-07
8388608 131072 1.0967e-07
8388608 262144 7.31928e-08
8388608 524288 5.48679e-09
8388608 1048576 1.46649e-09
8388608 2097152 1.46509e-09
8388608 4194304 1.46367e-09


16777216 1 1.73374e-09
16777216 2 2.85277e-09
16777216 4 5.55955e-09
16777216 8 1.08427e-08
16777216 16 2.20934e-08
16777216 32 5.17013e-08
16777216 64 7.25188e-08
16777216 128 1.16802e-07
16777216 256 1.16945e-07
16777216 512 1.16994e-07
16777216 1024 1.17205e-07
16777216 2048 1.15259e-07
16777216 4096 1.14429e-07
16777216 8192 1.13751e-07
16777216 16384 1.13931e-07
16777216 32768 1.1355e-07
16777216 65536 1.136e-07
16777216 131072 1.13515e-07
16777216 262144 1.14071e-07
16777216 524288 8.44917e-08
16777216 1048576 5.49051e-09
16777216 2097152 1.465e-09
16777216 4194304 1.46481e-09
16777216 8388608 1.46329e-09


